NAME : single
TYPE : ATSP
DIMENSION : 90
EDGE_WEIGHT_TYPE : EXPLICIT
EDGE_WEIGHT_FORMAT : FULL_MATRIX
EDGE_WEIGHT_SECTION
0 1341 1311 1261 1103 1168 1131 1049 1081 934 1082 1395 1358 1266 1394 1308 1257 1256 1085 50263 50241 50261 50275 1056 50248 50263 1432 1102 1395 1307 1077 893 541 622 50259 50203 50216 50243 529 839 866 829 800 939 928 644 598 566 668 533 83 326 432 547 521 220 469 511 601 688 580 617 575 625 516 471 258 645 261 294 637 161 237 636 381 397 390 364 366 343 314 309 276 384 318 187 334 178 252 269 
0 0 216 115 263 176 211 311 432 426 337 240 240 181 143 50000 265 217 359 669 756 674 686 430 724 724 584 419 50000 241 385 441 50000 50000 685 822 766 707 830 535 808 708 718 772 1141 826 756 922 991 912 1088 1291 1062 978 50000 50000 1123 1030 918 636 927 50000 839 696 1036 1085 50000 50000 50000 50000 50000 50000 1075 760 50000 50000 50000 50000 50000 50000 50000 50000 50000 50000 50000 50000 50000 50000 50000 50000 
0 216 0 100 192 128 269 218 347 380 298 143 157 119 214 50000 254 214 264 726 809 732 692 470 741 733 623 457 50000 268 466 460 50000 50000 697 848 818 750 687 460 782 610 610 845 1093 769 731 732 820 849 932 1128 922 779 50000 1089 925 831 732 612 779 50000 652 606 846 936 981 50000 1013 965 50000 1022 871 718 50000 50000 50000 50000 50000 50000 50000 50000 50000 50000 50000 961 1003 967 934 1003 
0 115 100 0 227 108 169 236 397 351 301 243 124 65 175 50000 187 146 312 631 717 639 602 345 686 659 559 353 50000 242 320 381 50000 50000 613 771 710 656 723 458 722 677 712 702 1195 750 705 828 920 833 1253 1274 974 885 50000 1275 982 904 828 570 50000 50000 734 690 942 993 50000 50000 50000 50000 50000 50000 1105 704 50000 50000 50000 50000 50000 50000 50000 50000 50000 50000 50000 50000 50000 50000 50000 50000 
0 263 192 227 0 175 282 190 291 286 254 290 336 245 411 50000 338 312 171 635 680 641 537 418 626 595 659 473 519 342 358 402 722 596 593 742 716 638 502 257 495 423 423 537 793 587 512 521 690 657 679 879 707 577 692 852 730 631 508 407 560 607 459 424 637 740 785 644 819 771 609 787 658 526 992 1148 968 1122 1099 1095 912 828 776 988 1030 764 790 770 722 826 
0 176 128 108 175 0 141 113 293 264 176 271 223 115 300 50000 231 189 252 609 666 610 539 303 654 615 576 461 386 270 316 326 50000 50000 567 731 699 631 634 356 598 560 579 607 894 677 583 744 823 729 1004 1027 842 791 50000 951 886 808 568 464 50000 50000 663 472 861 896 50000 50000 50000 50000 50000 912 856 583 50000 50000 50000 50000 50000 50000 50000 50000 50000 1022 50000 50000 50000 50000 50000 50000 
0 211 269 169 282 141 0 126 261 245 176 237 294 235 332 407 280 271 143 618 713 624 532 316 652 586 630 510 430 267 351 316 50000 50000 586 748 716 647 563 352 628 541 558 661 1018 653 577 590 772 762 50000 967 792 636 50000 933 795 688 549 446 50000 50000 494 475 704 807 814 50000 848 836 50000 898 50000 567 50000 50000 50000 50000 50000 50000 50000 50000 836 50000 50000 50000 843 50000 779 834 
0 311 218 236 190 113 126 0 144 122 154 367 319 227 414 502 324 286 237 571 724 545 519 365 635 633 529 351 455 326 351 323 710 546 575 740 652 595 467 198 457 404 482 506 754 576 491 499 670 622 641 881 682 548 658 845 713 647 483 382 527 565 427 391 614 725 760 611 788 747 586 749 619 506 1003 1041 1017 1006 1021 1010 935 794 752 962 966 729 756 755 700 761 
0 432 347 397 291 293 261 144 0 89 85 475 457 360 562 674 529 501 137 594 710 601 484 409 689 662 594 480 753 557 440 332 674 539 535 700 671 569 446 180 379 338 348 392 743 556 621 474 639 690 617 868 723 691 646 757 781 722 419 307 481 511 389 363 748 808 685 596 717 725 554 698 593 586 938 976 927 937 956 927 828 744 719 931 893 716 748 722 665 708 
0 426 380 351 286 264 245 122 89 0 110 454 459 356 541 551 459 397 131 492 594 497 385 309 497 458 502 365 656 450 333 193 554 469 445 607 574 535 369 105 375 399 449 395 883 418 370 376 583 531 559 716 575 425 524 680 604 503 348 229 417 422 293 251 491 612 614 498 646 636 463 646 518 388 866 919 846 876 912 884 744 691 629 853 828 631 645 643 575 653 
0 337 298 301 254 176 176 154 85 110 0 363 416 291 472 619 397 357 83 545 744 559 517 440 617 608 587 459 623 399 425 293 727 590 573 752 664 606 486 194 423 389 438 447 663 529 495 518 653 596 646 860 651 554 675 812 825 604 492 377 556 581 394 354 620 857 774 649 819 752 613 728 629 509 973 1025 979 984 1030 1003 878 821 780 968 945 757 798 761 720 788 
0 240 143 243 290 271 237 367 475 454 363 0 118 177 215 50000 238 202 356 670 756 676 727 470 752 765 547 420 50000 243 401 496 50000 50000 737 50000 902 792 873 571 822 753 760 810 1154 867 812 977 1065 955 1120 1336 1094 1033 50000 50000 1137 1085 987 679 50000 50000 894 746 1091 1129 50000 50000 50000 50000 50000 50000 1105 815 50000 50000 50000 50000 50000 50000 50000 50000 50000 50000 50000 50000 50000 50000 50000 50000 
0 240 157 124 336 223 294 319 457 459 416 118 0 100 97 50000 222 180 434 654 725 659 738 552 743 711 577 395 50000 240 370 522 50000 50000 774 838 780 724 859 560 849 785 783 809 50000 872 813 1038 1024 946 50000 1362 1117 1079 50000 50000 1171 1131 1053 700 50000 50000 974 771 1152 1147 50000 50000 50000 50000 50000 50000 1169 819 50000 50000 50000 50000 50000 50000 50000 50000 50000 50000 50000 50000 50000 50000 50000 50000 
0 181 119 65 245 115 235 227 360 356 291 177 100 0 166 302 163 119 280 634 678 641 579 356 670 662 486 347 286 177 299 364 50000 50000 604 761 712 647 740 472 721 695 747 724 1259 766 683 859 920 837 1186 1240 978 908 50000 1226 1001 971 898 572 835 50000 766 744 974 1012 50000 50000 50000 50000 50000 1099 1057 682 50000 50000 50000 50000 50000 50000 50000 50000 50000 50000 50000 50000 50000 50000 50000 50000 
0 143 214 175 411 300 332 414 562 541 472 215 97 166 0 50000 293 318 538 753 840 759 812 596 922 845 602 476 50000 303 438 584 50000 50000 865 50000 918 866 917 668 895 824 831 930 50000 977 918 1080 1095 1004 1178 1505 1146 1127 50000 50000 1230 1181 1050 790 50000 50000 992 964 1194 1168 50000 50000 50000 50000 50000 50000 50000 924 50000 50000 50000 50000 50000 50000 50000 50000 50000 50000 50000 50000 1239 50000 50000 50000 
0 50000 50000 50000 50000 50000 407 502 674 551 619 50000 50000 302 50000 0 274 276 544 747 677 751 787 498 772 733 448 311 72 181 354 533 50000 50000 844 50000 872 924 978 630 926 886 909 941 1213 874 837 990 1085 970 1389 1443 1148 1038 50000 50000 1206 1117 1010 707 50000 50000 901 876 1106 1215 50000 50000 50000 50000 50000 50000 50000 826 50000 50000 50000 50000 50000 50000 50000 50000 50000 50000 50000 50000 50000 50000 50000 50000 
0 265 254 187 338 231 280 324 529 459 397 238 222 163 293 274 0 48 448 595 826 600 673 383 559 593 336 197 277 92 281 428 50000 50000 720 50000 830 769 799 507 792 776 780 931 1138 795 753 928 975 845 1034 1193 1000 975 50000 1240 1138 1028 805 621 50000 50000 840 692 1042 1054 50000 50000 50000 50000 50000 1186 1128 743 50000 50000 50000 50000 50000 50000 50000 50000 50000 50000 50000 50000 50000 50000 50000 50000 
0 217 214 146 312 189 271 286 501 397 357 202 180 119 318 276 48 0 396 532 597 530 636 384 604 580 480 269 228 141 238 423 50000 50000 628 50000 717 665 846 470 756 753 743 770 1116 811 740 865 960 823 50000 1198 1014 887 50000 50000 1083 938 842 613 856 50000 798 743 958 1095 50000 50000 50000 50000 50000 50000 1095 736 50000 50000 50000 50000 50000 50000 50000 50000 50000 50000 50000 50000 50000 50000 50000 50000 
0 359 264 312 171 252 143 237 137 131 83 356 434 280 538 544 448 396 0 608 726 615 538 410 642 611 716 480 601 393 472 365 761 619 50000 50000 690 650 501 248 478 505 526 515 958 553 512 536 678 639 668 848 688 570 708 843 846 632 486 366 561 616 405 366 760 724 751 644 785 777 611 757 661 529 991 1043 982 1003 1049 1022 923 828 785 992 948 764 735 777 723 786 
0 669 726 631 635 609 618 571 594 492 545 670 654 634 753 747 595 532 608 0 213 163 216 275 284 276 446 330 650 527 298 369 50000 50000 293 50000 225 153 501 408 714 713 736 750 1060 689 548 553 890 708 50000 50000 730 601 50000 50000 760 683 580 496 50000 50000 468 428 667 750 50000 50000 50000 50000 50000 50000 50000 569 50000 50000 50000 50000 50000 50000 50000 50000 50000 50000 50000 50000 50000 50000 50000 50000 
0 756 809 717 680 666 713 724 710 594 744 756 725 678 840 677 826 597 726 213 0 223 219 335 102 115 487 405 726 648 381 528 50000 50000 247 50000 351 169 516 525 992 854 943 1046 1200 747 644 627 954 791 978 908 775 674 50000 50000 822 726 635 550 50000 50000 522 520 741 798 50000 50000 50000 50000 50000 50000 847 695 50000 50000 50000 50000 50000 50000 50000 50000 50000 50000 50000 50000 50000 50000 50000 50000 
0 674 732 639 641 610 624 545 601 497 559 676 659 641 759 751 600 530 615 163 223 0 130 239 121 160 443 337 633 614 308 403 50000 50000 200 50000 228 255 514 411 744 776 753 793 50000 771 692 652 1014 738 50000 50000 784 698 50000 50000 771 749 657 519 50000 50000 500 451 766 784 50000 50000 50000 50000 50000 50000 50000 684 50000 50000 50000 50000 50000 50000 50000 50000 50000 50000 50000 50000 50000 50000 50000 50000 
0 686 692 602 537 539 532 519 484 385 517 727 738 579 812 787 673 636 538 216 219 130 0 291 149 107 532 447 741 692 426 305 50000 50000 89 176 160 260 412 297 656 674 651 673 1014 577 446 440 831 622 795 777 626 445 50000 50000 641 496 417 358 282 50000 314 312 519 685 50000 50000 50000 50000 50000 50000 638 476 50000 50000 50000 50000 50000 50000 50000 50000 50000 50000 50000 50000 50000 50000 50000 50000 
0 430 470 345 418 303 316 365 409 309 440 470 552 356 596 498 383 384 410 275 335 239 291 0 276 250 237 143 458 365 211 221 50000 50000 318 50000 495 442 519 330 664 676 656 633 1036 603 472 609 853 691 808 993 757 657 50000 50000 786 709 592 364 50000 50000 515 469 722 805 50000 50000 50000 50000 50000 50000 843 492 50000 50000 50000 50000 50000 50000 50000 50000 50000 50000 50000 50000 50000 50000 50000 50000 
0 724 741 686 626 654 652 635 689 497 617 752 743 670 922 772 559 604 642 284 102 121 149 276 0 50 491 373 615 619 343 459 50000 50000 192 50000 264 271 537 435 881 772 888 771 1252 683 576 590 1031 833 50000 50000 769 638 50000 50000 778 693 563 472 50000 50000 502 468 706 786 50000 50000 50000 50000 50000 50000 50000 604 50000 50000 50000 50000 50000 50000 50000 50000 50000 50000 50000 50000 50000 50000 50000 50000 
0 724 733 659 595 615 586 633 662 458 608 765 711 662 845 733 593 580 611 276 115 160 107 250 50 0 445 362 675 572 341 356 50000 50000 138 50000 328 232 428 408 844 712 848 819 1092 599 522 513 895 663 861 871 653 562 50000 846 744 616 485 506 419 50000 404 306 627 738 50000 50000 50000 50000 50000 774 710 562 50000 50000 50000 50000 50000 50000 50000 50000 50000 50000 50000 50000 50000 50000 50000 50000 
0 584 623 559 659 576 630 529 594 502 587 547 577 486 602 448 336 480 716 446 487 443 532 237 491 445 0 183 368 298 152 411 50000 50000 673 50000 803 717 825 592 854 898 767 937 1235 809 765 887 1113 885 1236 1251 1056 936 50000 50000 1068 954 737 620 50000 50000 746 697 1002 1078 50000 50000 50000 50000 50000 50000 1105 767 50000 50000 50000 50000 50000 50000 50000 50000 50000 50000 50000 50000 50000 50000 50000 50000 
0 419 457 353 473 461 510 351 480 365 459 420 395 347 476 311 197 269 480 330 405 337 447 143 373 362 183 0 271 208 245 300 50000 50000 458 50000 578 510 655 433 715 800 648 756 1113 723 603 676 948 747 876 1154 879 837 50000 50000 918 758 666 494 50000 50000 671 540 791 930 50000 50000 50000 50000 50000 1045 853 617 50000 50000 50000 50000 50000 50000 50000 50000 50000 50000 50000 50000 50000 50000 50000 50000 
0 50000 50000 50000 519 386 430 455 753 656 623 50000 50000 286 50000 72 277 228 601 650 726 633 741 458 615 675 368 271 0 230 340 586 50000 50000 760 50000 854 801 927 647 967 938 925 1042 1343 936 860 990 1153 988 50000 50000 1044 1036 50000 50000 1136 1087 931 734 50000 50000 898 866 1103 1147 50000 50000 50000 50000 50000 50000 50000 867 50000 50000 50000 50000 50000 50000 50000 50000 50000 50000 50000 50000 50000 50000 50000 50000 
0 241 268 242 342 270 267 326 557 450 399 243 240 177 303 181 92 141 393 527 648 614 692 365 619 572 298 208 230 0 225 446 50000 50000 710 50000 771 702 842 504 876 775 780 947 1270 782 776 953 986 876 1242 1204 992 1000 50000 1219 1144 1053 768 620 50000 50000 852 708 1067 1109 50000 50000 50000 50000 50000 1192 1093 738 50000 50000 50000 50000 50000 50000 50000 50000 50000 50000 50000 50000 50000 50000 50000 50000 
0 385 466 320 358 316 351 351 440 333 425 401 370 299 438 354 281 238 472 298 381 308 426 211 343 341 152 245 340 225 0 263 50000 50000 449 50000 520 468 560 410 690 744 615 717 1084 686 596 678 942 734 870 1092 857 710 50000 50000 826 758 657 458 50000 50000 574 533 793 844 50000 50000 50000 50000 50000 50000 847 586 50000 50000 50000 50000 50000 50000 50000 50000 50000 50000 50000 50000 50000 50000 50000 50000 
0 441 460 381 402 326 316 323 332 193 293 496 522 364 584 533 428 423 365 369 528 403 305 221 459 356 411 300 586 446 263 0 50000 50000 321 548 509 429 511 195 502 530 525 529 860 396 373 468 688 553 745 1007 705 518 50000 50000 716 599 455 228 459 50000 386 362 584 726 50000 50000 50000 50000 50000 50000 858 359 50000 50000 50000 50000 50000 50000 50000 50000 50000 50000 50000 50000 50000 50000 50000 50000 
0 50000 50000 50000 722 50000 50000 710 674 554 727 50000 50000 50000 50000 50000 50000 50000 761 50000 50000 50000 50000 50000 50000 50000 50000 50000 50000 50000 50000 50000 0 114 50000 50000 50000 50000 235 505 668 679 641 833 848 483 408 398 703 520 363 510 497 427 265 332 489 475 304 307 265 147 226 258 465 486 342 191 292 318 184 301 261 444 348 405 335 367 392 399 277 189 173 320 348 280 239 275 267 224 
0 50000 50000 50000 596 50000 50000 546 539 469 590 50000 50000 50000 50000 50000 50000 50000 619 50000 50000 50000 50000 50000 50000 50000 50000 50000 50000 50000 50000 50000 114 0 50000 50000 50000 50000 118 365 483 529 495 639 704 353 249 235 483 354 450 435 358 281 272 375 374 310 198 211 271 154 158 148 327 386 374 198 360 344 191 369 344 283 411 448 401 411 455 447 351 281 260 420 395 288 303 336 304 306 
0 685 697 613 593 567 586 575 535 445 573 737 774 604 865 844 720 628 50000 293 247 200 89 318 192 138 673 458 760 710 449 321 50000 50000 0 178 250 249 396 354 776 705 777 666 1016 631 519 509 860 612 50000 802 618 536 50000 50000 667 588 487 411 50000 50000 412 249 603 678 50000 50000 50000 50000 50000 637 649 555 50000 50000 50000 50000 50000 50000 50000 50000 50000 50000 50000 50000 50000 50000 50000 50000 
0 822 848 771 742 731 748 740 700 607 752 50000 838 761 50000 50000 50000 50000 50000 50000 50000 50000 176 50000 50000 50000 50000 50000 50000 50000 50000 548 50000 50000 178 0 244 255 543 504 834 828 944 873 1253 789 675 668 990 848 50000 902 793 716 50000 840 821 768 668 567 50000 50000 569 483 782 844 50000 50000 50000 50000 50000 50000 805 737 50000 50000 50000 50000 50000 50000 50000 50000 50000 50000 50000 50000 50000 50000 50000 50000 
0 766 818 710 716 699 716 652 671 574 664 902 780 712 918 872 830 717 690 225 351 228 160 495 264 328 803 578 854 771 520 509 50000 50000 250 244 0 99 527 443 762 876 903 781 1111 735 689 658 907 797 739 934 798 698 50000 50000 855 749 659 501 50000 50000 560 507 787 868 50000 50000 50000 50000 50000 812 810 717 50000 50000 50000 50000 50000 50000 50000 50000 50000 50000 50000 50000 50000 50000 50000 50000 
0 707 750 656 638 631 647 595 569 535 606 792 724 647 866 924 769 665 650 153 169 255 260 442 271 232 717 510 801 702 468 429 50000 50000 249 255 99 0 512 416 698 753 802 761 1174 665 605 608 927 768 50000 50000 761 656 50000 50000 782 709 546 457 50000 50000 492 449 722 762 50000 50000 50000 50000 50000 50000 50000 571 50000 50000 50000 50000 50000 50000 50000 50000 50000 50000 50000 50000 50000 50000 50000 50000 
0 830 687 723 502 634 563 467 446 369 486 873 859 740 917 978 799 846 501 501 516 514 412 519 537 428 825 655 927 842 560 511 235 118 396 543 527 512 0 262 375 386 350 566 607 182 143 118 374 230 195 323 241 154 292 307 275 208 166 247 292 190 194 173 246 267 301 233 306 264 226 268 186 292 491 538 490 489 519 492 435 353 299 498 438 260 301 276 245 324 
0 535 460 458 257 356 352 198 180 105 194 571 560 472 668 630 507 470 248 408 525 411 297 330 435 408 592 433 647 504 410 195 505 365 354 504 443 416 262 0 320 327 321 345 661 358 296 304 499 422 434 665 471 352 478 611 499 412 283 171 328 361 236 192 418 501 570 411 577 531 383 530 412 301 755 908 740 771 879 873 660 592 550 760 740 537 554 532 497 559 
0 808 782 722 495 598 628 457 379 375 423 822 849 721 895 926 792 756 478 714 992 744 656 664 881 844 854 715 967 876 690 502 668 483 776 834 762 698 375 320 0 126 107 268 575 309 280 299 319 280 435 523 355 342 544 535 411 396 304 251 425 519 324 430 411 403 790 496 830 598 533 509 455 294 856 1050 826 883 1003 983 753 744 706 820 820 612 797 624 653 788 
0 708 610 677 423 560 541 404 338 399 389 753 785 695 824 886 776 753 505 713 854 776 674 676 772 712 898 800 938 775 744 530 679 529 705 828 876 753 386 327 126 0 72 142 479 294 426 451 242 257 408 538 329 344 670 541 475 404 421 380 616 605 517 483 395 436 638 625 742 622 632 517 406 368 735 763 729 726 737 992 654 747 692 739 822 522 692 624 654 648 
0 718 610 712 423 579 558 482 348 449 438 760 783 747 831 909 780 743 526 736 943 753 651 656 888 848 767 648 925 780 615 525 641 495 777 944 903 802 350 321 107 72 0 214 461 350 343 378 214 257 375 473 356 371 640 529 395 323 359 331 560 570 457 446 365 378 605 596 632 572 606 487 373 307 703 732 697 694 706 967 623 576 530 707 649 490 632 580 572 642 
0 772 845 702 537 607 661 506 392 395 447 810 809 724 930 941 931 770 515 750 1046 793 673 633 771 819 937 756 1042 947 717 529 833 639 666 873 781 761 566 345 268 142 214 0 472 246 301 326 349 323 475 550 475 351 599 606 524 420 332 276 487 500 384 410 412 528 729 540 787 635 532 561 466 289 876 1042 866 1057 995 986 802 766 725 822 956 658 804 646 661 773 
0 1141 1093 1195 793 894 1018 754 743 883 663 1154 50000 1259 50000 1213 1138 1116 958 1060 1200 50000 1014 1036 1252 1092 1235 1113 1343 1270 1084 860 848 704 1016 1253 1111 1174 607 661 575 479 461 472 0 513 488 493 163 338 534 463 401 476 750 543 416 466 517 585 665 680 574 610 461 414 699 712 728 685 705 550 550 476 906 892 933 911 950 945 810 819 775 893 860 669 773 673 733 730 
0 826 769 750 587 677 653 576 556 418 529 867 872 766 977 874 795 811 553 689 747 771 577 603 683 599 809 723 936 782 686 396 483 353 631 789 735 665 182 358 309 294 350 246 513 0 86 107 302 174 275 418 238 95 388 415 271 153 116 169 267 287 193 222 191 274 569 339 620 498 331 382 269 167 633 806 676 676 753 735 594 517 487 665 645 407 511 400 426 585 
0 756 731 705 512 583 577 491 621 370 495 812 813 683 918 837 753 740 512 548 644 692 446 472 576 522 765 603 860 776 596 373 408 249 519 675 689 605 143 296 280 426 343 301 488 86 0 25 363 205 213 379 198 56 295 334 204 105 34 113 184 202 110 146 116 216 491 247 547 340 223 309 206 163 560 718 566 587 667 659 556 480 438 577 539 332 450 327 362 491 
0 922 732 828 521 744 590 499 474 376 518 977 1038 859 1080 990 928 865 536 553 627 652 440 609 590 513 887 676 990 953 678 468 398 235 509 668 658 608 118 304 299 451 378 326 493 107 25 0 343 206 194 361 195 48 270 319 202 101 47 128 188 208 100 141 127 214 472 221 514 273 221 293 177 188 522 652 496 552 621 615 424 467 425 539 463 295 436 289 348 505 
0 991 820 920 690 823 772 670 639 583 653 1065 1024 920 1095 1085 975 960 678 890 954 1014 831 853 1031 895 1113 948 1153 986 942 688 703 483 860 990 907 927 374 499 319 242 214 349 163 302 363 343 0 159 332 297 254 305 756 370 296 301 375 455 525 538 409 436 293 252 511 572 596 496 563 366 342 358 739 1032 711 775 764 771 633 671 625 640 705 496 625 498 560 552 
0 912 849 833 657 729 762 622 690 531 596 955 946 837 1004 970 845 823 639 708 791 738 622 691 833 663 885 747 988 876 734 553 520 354 612 848 797 768 230 422 280 257 257 323 338 174 205 206 159 0 178 196 72 160 544 245 117 131 240 317 392 418 273 308 128 113 352 558 380 337 432 229 185 202 571 701 570 580 664 643 496 452 407 501 516 352 407 338 354 412 
0 1088 932 1253 679 1004 50000 641 617 559 646 1120 50000 1186 1178 1389 1034 50000 668 50000 978 50000 795 808 50000 861 1236 876 50000 1242 870 745 363 450 50000 50000 739 50000 195 434 435 408 375 475 534 275 213 194 332 178 0 149 159 216 279 123 179 175 214 319 273 302 239 283 178 190 272 312 258 221 394 86 24 258 328 357 324 319 333 309 250 212 169 331 278 216 191 110 124 177 
0 1291 1128 1274 879 1027 967 881 868 716 860 1336 1362 1240 1505 1443 1193 1198 848 50000 908 50000 777 993 50000 871 1251 1154 50000 1204 1092 1007 510 435 802 902 934 50000 323 665 523 538 473 550 463 418 379 361 297 196 149 0 131 296 446 84 174 232 378 493 511 545 455 422 239 174 272 586 258 222 548 104 173 340 351 531 360 414 503 499 287 281 251 398 364 215 305 159 253 245 
0 1062 922 974 707 842 792 682 723 575 651 1094 1117 978 1146 1148 1000 1014 688 730 775 784 626 757 769 653 1056 879 1044 992 857 705 497 358 618 793 798 761 241 471 355 329 356 475 401 238 198 195 254 72 159 131 0 149 445 180 39 101 220 311 425 457 329 330 94 46 268 488 313 251 486 167 160 220 484 631 494 494 584 582 409 383 336 470 537 279 329 246 281 328 
0 978 779 885 577 791 636 548 691 425 554 1033 1079 908 1127 1038 975 887 570 601 674 698 445 657 638 562 936 837 1036 1000 710 518 427 281 536 716 698 656 154 352 342 344 371 351 476 95 56 48 305 160 216 296 149 0 334 306 153 53 72 167 238 259 146 189 91 166 433 303 484 355 281 281 180 152 627 803 554 643 771 762 513 401 351 549 589 339 353 398 297 460 
0 50000 50000 50000 692 50000 50000 658 646 524 675 50000 50000 50000 50000 50000 50000 50000 708 50000 50000 50000 50000 50000 50000 50000 50000 50000 50000 50000 50000 50000 265 272 50000 50000 50000 50000 292 478 544 670 640 599 750 388 295 270 756 544 279 446 445 334 0 346 470 404 300 278 103 117 198 230 395 462 301 74 278 274 81 305 284 359 363 400 318 366 406 396 279 217 186 340 353 279 253 274 200 290 
0 50000 1089 1275 852 951 933 845 757 680 812 50000 50000 1226 50000 50000 1240 50000 843 50000 50000 50000 50000 50000 50000 846 50000 50000 50000 1219 50000 50000 332 375 50000 840 50000 50000 307 611 535 541 529 606 543 415 334 319 370 245 123 84 180 306 346 0 228 287 346 460 442 476 360 405 292 214 298 541 229 193 494 40 144 352 271 402 279 270 390 355 208 205 180 274 341 244 214 109 163 162 
0 1123 925 982 730 886 795 713 781 604 825 1137 1171 1001 1230 1206 1138 1083 846 760 822 771 641 786 778 744 1068 918 1136 1144 826 716 489 374 667 821 855 782 275 499 411 475 395 524 416 271 204 202 296 117 179 174 39 153 470 228 0 101 226 317 404 427 336 341 90 27 301 475 324 273 459 210 250 217 555 640 585 497 623 621 478 496 470 550 450 378 451 325 426 377 
0 1030 831 904 631 808 688 647 722 503 604 1085 1131 971 1181 1117 1028 938 632 683 726 749 496 709 693 616 954 758 1087 1053 758 599 475 310 588 768 749 709 208 412 396 404 323 420 466 153 105 101 301 131 175 232 101 53 404 287 101 0 124 217 303 302 244 241 38 114 321 334 395 277 332 256 156 109 521 741 532 543 718 714 453 373 321 514 496 318 328 282 275 364 
0 918 732 828 508 568 549 483 419 348 492 987 1053 898 1050 1010 805 842 486 580 635 657 417 592 563 485 737 666 931 768 657 455 304 198 487 668 659 546 166 283 304 421 359 332 517 116 34 47 375 240 214 378 220 72 300 346 226 124 0 97 152 172 80 121 136 238 464 221 592 304 193 324 206 140 546 696 537 542 669 649 458 519 357 568 494 328 469 321 304 491 
0 636 612 570 407 464 446 382 307 229 377 679 700 572 790 707 621 613 366 496 550 519 358 364 472 506 620 494 734 620 458 228 307 211 411 567 501 457 247 171 251 380 331 276 585 169 113 128 455 317 319 493 311 167 278 460 317 217 97 0 180 198 82 74 228 329 391 251 418 367 250 409 274 130 616 771 605 612 731 562 521 452 414 637 588 369 418 389 330 397 
0 927 779 50000 560 50000 50000 527 481 417 556 50000 50000 835 50000 50000 50000 856 561 50000 50000 50000 282 50000 50000 419 50000 50000 50000 50000 50000 459 265 271 50000 50000 50000 50000 292 328 425 616 560 487 665 267 184 188 525 392 273 511 425 238 103 442 404 303 152 180 0 117 113 134 336 371 371 76 366 346 80 356 325 219 487 521 476 451 469 462 365 283 262 468 412 310 322 333 295 305 
0 50000 50000 50000 607 50000 50000 565 511 422 581 50000 50000 50000 50000 50000 50000 50000 616 50000 50000 50000 50000 50000 50000 50000 50000 50000 50000 50000 50000 50000 147 154 50000 50000 50000 50000 190 361 519 605 570 500 680 287 202 208 538 418 302 545 457 259 117 476 427 302 172 198 117 0 118 140 307 383 363 69 364 343 37 359 352 238 476 520 465 489 480 471 355 279 256 434 427 323 340 344 299 303 
0 839 652 734 459 663 494 427 389 293 394 894 974 766 992 901 840 798 405 468 522 500 314 515 502 404 746 671 898 852 574 386 226 158 412 569 560 492 194 236 324 517 457 384 574 193 110 100 409 273 239 455 329 146 198 360 336 244 80 82 113 118 0 49 222 330 308 171 377 307 149 321 216 143 556 607 547 565 584 558 490 396 390 565 517 328 341 314 327 375 
0 696 606 690 424 472 475 391 363 251 354 746 771 744 964 876 692 743 366 428 520 451 312 469 468 306 697 540 866 708 533 362 258 148 249 483 507 449 173 192 430 483 446 410 610 222 146 141 436 308 283 422 330 189 230 405 341 241 121 74 134 140 49 0 255 353 409 203 434 407 176 366 261 196 582 627 572 586 597 575 500 415 386 584 539 377 394 395 366 428 
0 1036 846 942 637 861 704 614 748 491 620 1091 1152 974 1194 1106 1042 958 760 667 741 766 519 722 706 627 1002 791 1103 1067 793 584 465 327 603 782 787 722 246 418 411 395 365 412 461 191 116 127 293 128 178 239 94 91 395 292 90 38 136 228 336 307 222 255 0 103 326 357 387 312 348 264 166 137 547 711 510 583 632 608 432 397 351 544 615 294 351 314 298 351 
0 1085 936 993 740 896 807 725 808 612 857 1129 1147 1012 1168 1215 1054 1095 724 750 798 784 685 805 786 738 1078 930 1147 1109 844 726 486 386 678 844 868 762 267 501 403 436 378 528 414 274 216 214 252 113 190 174 46 166 462 214 27 114 238 329 371 383 330 353 103 0 325 499 351 290 567 219 190 243 530 639 599 578 597 589 469 523 463 514 484 365 492 298 410 432 
0 50000 981 50000 785 50000 814 760 685 614 774 50000 50000 50000 50000 50000 50000 50000 751 50000 50000 50000 50000 50000 50000 50000 50000 50000 50000 50000 50000 50000 342 374 50000 50000 50000 50000 301 570 790 638 605 729 699 569 491 472 511 352 272 272 268 433 301 298 301 321 464 391 371 363 308 409 326 325 0 305 69 105 420 286 281 343 246 268 244 233 243 356 246 236 266 261 187 71 186 191 271 149 
0 50000 50000 50000 644 50000 50000 611 596 498 649 50000 50000 50000 50000 50000 50000 50000 644 50000 50000 50000 50000 50000 50000 50000 50000 50000 50000 50000 50000 50000 191 198 50000 50000 50000 50000 233 411 496 625 596 540 712 339 247 221 572 558 312 586 488 303 74 541 475 334 221 251 76 69 171 203 357 499 305 0 296 289 35 311 262 335 423 485 406 389 409 413 317 224 200 377 367 234 256 275 238 249 
0 50000 1013 50000 819 50000 848 788 717 646 819 50000 50000 50000 50000 50000 50000 50000 785 50000 50000 50000 50000 50000 50000 50000 50000 50000 50000 50000 50000 50000 292 360 50000 50000 50000 50000 306 577 830 742 632 787 728 620 547 514 596 380 258 258 313 484 278 229 324 395 592 418 366 364 377 434 387 351 69 296 0 58 438 244 249 388 272 229 210 194 332 312 284 294 264 226 148 125 117 260 258 80 
0 50000 965 50000 771 50000 836 747 725 636 752 50000 50000 50000 50000 50000 50000 50000 777 50000 50000 50000 50000 50000 50000 50000 50000 50000 50000 50000 50000 50000 318 344 50000 50000 50000 50000 264 531 598 622 572 635 685 498 340 273 496 337 221 222 251 355 274 193 273 277 304 367 346 343 307 407 312 290 105 289 58 0 429 207 213 355 290 265 240 228 254 233 248 258 228 251 181 161 118 296 222 77 
0 50000 50000 50000 609 50000 50000 586 554 463 613 50000 50000 50000 50000 50000 50000 50000 611 50000 50000 50000 50000 50000 50000 50000 50000 50000 50000 50000 50000 50000 184 191 50000 50000 50000 50000 226 383 533 632 606 532 705 331 223 221 563 432 394 548 486 281 81 494 459 332 193 250 80 37 149 176 348 567 420 35 438 429 0 338 368 309 440 471 425 440 490 463 328 265 242 402 424 274 282 308 242 272 
0 50000 1022 50000 787 912 898 749 698 646 728 50000 50000 1099 50000 50000 1186 50000 757 50000 50000 50000 50000 50000 50000 774 50000 1045 50000 1192 50000 50000 301 369 637 50000 812 50000 268 530 509 517 487 561 550 382 309 293 366 229 86 104 167 281 305 40 210 256 324 409 356 359 321 366 264 219 286 311 244 207 338 0 105 339 272 446 275 285 266 400 202 186 155 275 264 230 189 95 130 163 
0 1075 871 1105 658 856 50000 619 593 518 629 1105 1169 1057 50000 50000 1128 1095 661 50000 847 50000 638 843 50000 710 1105 853 50000 1093 847 858 261 344 649 805 810 50000 186 412 455 406 373 466 550 269 206 177 342 185 24 173 160 180 284 144 250 156 206 274 325 352 216 261 166 190 281 262 249 213 368 105 0 255 330 361 323 323 339 316 251 207 163 334 280 224 182 118 115 173 
0 760 718 704 526 583 567 506 586 388 509 815 819 682 924 826 743 736 529 569 695 684 476 492 604 562 767 617 867 738 586 359 444 283 555 737 717 571 292 301 294 368 307 289 476 167 163 188 358 202 258 340 220 152 359 352 217 109 140 130 219 238 143 196 137 243 343 335 388 355 309 339 255 0 650 842 631 686 820 815 568 489 433 580 744 421 565 418 378 481 
0 50000 50000 50000 992 50000 50000 1003 938 866 973 50000 50000 50000 50000 50000 50000 50000 991 50000 50000 50000 50000 50000 50000 50000 50000 50000 50000 50000 50000 50000 348 411 50000 50000 50000 50000 491 755 856 735 703 876 906 633 560 522 739 571 328 351 484 627 363 271 555 521 546 616 487 476 556 582 547 530 246 423 272 290 440 272 330 650 0 111 142 231 72 75 85 146 187 297 252 214 227 232 237 246 
0 50000 50000 50000 1148 50000 50000 1041 976 919 1025 50000 50000 50000 50000 50000 50000 50000 1043 50000 50000 50000 50000 50000 50000 50000 50000 50000 50000 50000 50000 50000 405 448 50000 50000 50000 50000 538 908 1050 763 732 1042 892 806 718 652 1032 701 357 531 631 803 400 402 640 741 696 771 521 520 607 627 711 639 268 485 229 265 471 446 361 842 111 0 76 120 147 65 153 184 223 191 141 243 279 256 271 242 
0 50000 50000 50000 968 50000 50000 1017 927 846 979 50000 50000 50000 50000 50000 50000 50000 982 50000 50000 50000 50000 50000 50000 50000 50000 50000 50000 50000 50000 50000 335 401 50000 50000 50000 50000 490 740 826 729 697 866 933 676 566 496 711 570 324 360 494 554 318 279 585 532 537 605 476 465 547 572 510 599 244 406 210 240 425 275 323 631 142 76 0 89 178 100 184 174 204 160 110 210 248 232 227 211 
0 50000 50000 50000 1122 50000 50000 1006 937 876 984 50000 50000 50000 50000 50000 50000 50000 1003 50000 50000 50000 50000 50000 50000 50000 50000 50000 50000 50000 50000 50000 367 411 50000 50000 50000 50000 489 771 883 726 694 1057 911 676 587 552 775 580 319 414 494 643 366 270 497 543 542 612 451 489 565 586 583 578 233 389 194 228 440 285 323 686 231 120 89 0 268 156 273 264 294 70 47 205 222 220 299 174 
0 50000 50000 50000 1099 50000 50000 1021 956 912 1030 50000 50000 50000 50000 50000 50000 50000 1049 50000 50000 50000 50000 50000 50000 50000 50000 50000 50000 50000 50000 50000 392 455 50000 50000 50000 50000 519 879 1003 737 706 995 950 753 667 621 764 664 333 503 584 771 406 390 623 718 669 731 469 480 584 597 632 597 243 409 332 254 490 266 339 820 72 147 178 268 0 111 107 174 209 261 289 222 244 230 254 210 
0 50000 50000 50000 1095 50000 50000 1010 927 884 1003 50000 50000 50000 50000 50000 50000 50000 1022 50000 50000 50000 50000 50000 50000 50000 50000 50000 50000 50000 50000 50000 399 447 50000 50000 50000 50000 492 873 983 992 967 986 945 735 659 615 771 643 309 499 582 762 396 355 621 714 649 562 462 471 558 575 608 589 356 413 312 233 463 400 316 815 75 65 100 156 111 0 117 158 190 227 177 198 284 205 232 278 
0 50000 50000 50000 912 50000 50000 935 828 744 878 50000 50000 50000 50000 50000 50000 50000 923 50000 50000 50000 50000 50000 50000 50000 50000 50000 50000 50000 50000 50000 277 351 50000 50000 50000 50000 435 660 753 654 623 802 810 594 556 424 633 496 250 287 409 513 279 208 478 453 458 521 365 355 490 500 432 469 246 317 284 248 328 202 251 568 85 153 184 273 107 117 0 67 104 255 295 189 166 153 153 204 
0 50000 50000 50000 828 50000 50000 794 744 691 821 50000 50000 50000 50000 50000 50000 50000 828 50000 50000 50000 50000 50000 50000 50000 50000 50000 50000 50000 50000 50000 189 281 50000 50000 50000 50000 353 592 744 747 576 766 819 517 480 467 671 452 212 281 383 401 217 205 496 373 519 452 283 279 396 415 397 523 236 224 294 258 265 186 207 489 146 184 174 264 174 158 67 0 45 265 285 179 176 129 98 214 
0 50000 50000 50000 776 50000 836 752 719 629 780 50000 50000 50000 50000 50000 50000 50000 785 50000 50000 50000 50000 50000 50000 50000 50000 50000 50000 50000 50000 50000 173 260 50000 50000 50000 50000 299 550 706 692 530 725 775 487 438 425 625 407 169 251 336 351 186 180 470 321 357 414 262 256 390 386 351 463 266 200 264 228 242 155 163 433 187 223 204 294 209 190 104 45 0 235 284 209 146 97 53 183 
0 50000 50000 50000 988 1022 50000 962 931 853 968 50000 50000 50000 50000 50000 50000 50000 992 50000 50000 50000 50000 50000 50000 50000 50000 50000 50000 50000 50000 50000 320 420 50000 50000 50000 50000 498 760 820 739 707 822 893 665 577 539 640 501 331 398 470 549 340 274 550 514 568 637 468 434 565 584 544 514 261 377 226 251 402 275 334 580 297 191 160 70 261 227 255 265 235 0 84 222 247 290 248 201 
0 50000 50000 50000 1030 50000 50000 966 893 828 945 50000 50000 50000 50000 50000 50000 50000 948 50000 50000 50000 50000 50000 50000 50000 50000 50000 50000 50000 50000 50000 348 395 50000 50000 50000 50000 438 740 820 822 649 956 860 645 539 463 705 516 278 364 537 589 353 341 450 496 494 588 412 427 517 539 615 484 187 367 148 181 424 264 280 744 252 141 110 47 289 177 295 285 284 84 0 161 186 240 279 132 
0 50000 961 50000 764 50000 50000 729 716 631 757 50000 50000 50000 50000 50000 50000 50000 764 50000 50000 50000 50000 50000 50000 50000 50000 50000 50000 50000 50000 50000 280 288 50000 50000 50000 50000 260 537 612 522 490 658 669 407 332 295 496 352 216 215 279 339 279 244 378 318 328 369 310 323 328 377 294 365 71 234 125 161 274 230 224 421 214 243 210 205 222 198 189 179 209 222 161 0 243 134 215 206 
0 50000 1003 50000 790 50000 843 756 748 645 798 50000 50000 50000 1239 50000 50000 50000 735 50000 50000 50000 50000 50000 50000 50000 50000 50000 50000 50000 50000 50000 239 303 50000 50000 50000 50000 301 554 797 692 632 804 773 511 450 436 625 407 191 305 329 353 253 214 451 328 469 418 322 340 341 394 351 492 186 256 117 118 282 189 182 565 227 279 248 222 244 284 166 176 146 247 186 243 0 221 141 68 
0 50000 967 50000 770 50000 50000 755 722 643 761 50000 50000 50000 50000 50000 50000 50000 777 50000 50000 50000 50000 50000 50000 50000 50000 50000 50000 50000 50000 50000 275 336 50000 50000 50000 50000 276 532 624 624 580 646 673 400 327 289 498 338 110 159 246 398 274 109 325 282 321 389 333 344 314 395 314 298 191 275 260 296 308 95 118 418 232 256 232 220 230 205 153 129 97 290 240 134 221 0 80 258 
0 50000 934 50000 722 50000 779 700 665 575 720 50000 50000 50000 50000 50000 50000 50000 723 50000 50000 50000 50000 50000 50000 50000 50000 50000 50000 50000 50000 50000 267 304 50000 50000 50000 50000 245 497 653 654 572 661 733 426 362 348 560 354 124 253 281 297 200 163 426 275 304 330 295 299 327 366 298 410 271 238 258 222 242 130 115 378 237 271 227 299 254 232 153 98 53 248 279 215 141 80 0 178 
0 50000 1003 50000 826 50000 834 761 708 653 788 50000 50000 50000 50000 50000 50000 50000 786 50000 50000 50000 50000 50000 50000 50000 50000 50000 50000 50000 50000 50000 224 306 50000 50000 50000 50000 324 559 788 648 642 773 730 585 491 505 552 412 177 245 328 460 290 162 377 364 491 397 305 303 375 428 351 432 149 249 80 77 272 163 173 481 246 242 211 174 210 278 204 214 183 201 132 206 68 258 178 0 
EOF